before data
[step: int, type: string ... 9 more fields]
root
 |-- step: integer (nullable = true)
 |-- type: string (nullable = true)
 |-- amount: double (nullable = true)
 |-- nameOrig: string (nullable = true)
 |-- oldBalanceOrig: double (nullable = true)
 |-- newBalanceOrig: double (nullable = true)
 |-- nameDest: string (nullable = true)
 |-- oldBalanceDest: double (nullable = true)
 |-- newBalanceDest: double (nullable = true)
 |-- isFraud: integer (nullable = true)
 |-- isFlaggedFraud: integer (nullable = true)

[1,PAYMENT,9839.64,C1231006815,170136.0,160296.36,M1979787155,0.0,0.0,0,0]
[1,PAYMENT,1864.28,C1666544295,21249.0,19384.72,M2044282225,0.0,0.0,0,0]
[1,TRANSFER,181.0,C1305486145,181.0,0.0,C553264065,0.0,0.0,1,0]
[1,CASH_OUT,181.0,C840083671,181.0,0.0,C38997010,21182.0,0.0,1,0]
[1,PAYMENT,11668.14,C2048537720,41554.0,29885.86,M1230701703,0.0,0.0,0,0]
()
OK
Labels:
[0]
[0]
[1]
[1]
[0]
[0]
[0]
[0]
[0]
[0]
[1,TRANSFER,181.0,181.0,0.0,0.0,0.0,1]
[1,CASH_OUT,181.0,181.0,0.0,21182.0,0.0,1]
[1,CASH_OUT,229133.94,15325.0,0.0,5083.0,51513.44,0]
[1,TRANSFER,215310.3,705.0,0.0,22425.0,0.0,0]
[1,TRANSFER,311685.89,10835.0,0.0,6267.0,2719172.89,0]
[1,CASH_OUT,110414.71,26845.41,0.0,288800.0,2415.16,0]
[1,CASH_OUT,56953.9,1942.02,0.0,70253.0,64106.18,0]
[1,CASH_OUT,5346.89,0.0,0.0,652637.0,6453430.91,0]
[1,CASH_OUT,23261.3,20411.53,0.0,25742.0,0.0,0]
[1,TRANSFER,62610.8,79114.0,16503.2,517.0,8383.29,0]
[1,CASH_OUT,82940.31,3017.87,0.0,132372.0,49864.36,0]
[1,CASH_OUT,47458.86,209534.84,162075.98,52120.0,0.0,0]
[1,CASH_OUT,136872.92,162075.98,25203.05,217806.0,0.0,0]
[1,CASH_OUT,94253.33,25203.05,0.0,99773.0,965870.05,0]
[1,TRANSFER,42712.39,10363.39,0.0,57901.66,24044.18,0]
[1,TRANSFER,77957.68,0.0,0.0,94900.0,22233.65,0]
[1,TRANSFER,17231.46,0.0,0.0,24672.0,0.0,0]
[1,TRANSFER,78766.03,0.0,0.0,103772.0,277515.05,0]
[1,TRANSFER,224606.64,0.0,0.0,354678.92,0.0,0]
[1,TRANSFER,125872.53,0.0,0.0,348512.0,3420103.09,0]
[1,TRANSFER,379856.23,0.0,0.0,900180.0,1.916920493E7,0]
[1,TRANSFER,1505626.01,0.0,0.0,29031.0,5515763.34,0]
[1,TRANSFER,554026.99,0.0,0.0,579285.56,0.0,0]
[1,TRANSFER,147543.1,0.0,0.0,223220.0,16518.36,0]
[1,TRANSFER,761507.39,0.0,0.0,1280036.23,1.916920493E7,0]
[1,TRANSFER,1429051.47,0.0,0.0,2041543.62,1.916920493E7,0]
[1,TRANSFER,358831.92,0.0,0.0,474384.53,3420103.09,0]
[1,TRANSFER,367768.4,0.0,0.0,370763.1,16518.36,0]
[1,TRANSFER,209711.11,0.0,0.0,399214.71,2415.16,0]
[1,TRANSFER,583848.46,0.0,0.0,667778.0,2107778.11,0]
[1,TRANSFER,1724887.05,0.0,0.0,3470595.1,1.916920493E7,0]
[1,TRANSFER,710544.77,0.0,0.0,738531.5,16518.36,0]
[1,TRANSFER,581294.26,0.0,0.0,5195482.15,1.916920493E7,0]
[1,TRANSFER,11996.58,0.0,0.0,40255.0,0.0,0]
[1,CASH_OUT,28404.6,0.0,0.0,51744.0,0.0,0]
[1,CASH_OUT,75405.1,0.0,0.0,104209.0,46462.23,0]
[1,CASH_OUT,50101.88,0.0,0.0,67684.0,9940339.29,0]
[1,CASH_OUT,14121.82,0.0,0.0,52679.0,10963.66,0]
[1,CASH_OUT,78292.91,0.0,0.0,121112.0,95508.95,0]
[1,CASH_OUT,176149.9,0.0,0.0,259813.0,46820.71,0]
[1,CASH_OUT,212228.35,0.0,0.0,429747.0,1178808.14,0]
[1,CASH_OUT,85423.63,0.0,0.0,5776776.41,1.916920493E7,0]
[1,CASH_OUT,11648.5,0.0,0.0,260976.0,971418.91,0]
[1,CASH_OUT,419801.4,38197.63,0.0,499962.0,1517262.16,0]
[1,CASH_OUT,335416.51,144478.0,0.0,295.0,52415.15,0]
[1,TRANSFER,330757.04,103657.0,0.0,79676.0,1254956.07,0]
[1,TRANSFER,679502.24,290.0,0.0,171866.0,3940085.21,0]
[1,TRANSFER,177652.91,23720.0,0.0,55.0,4894.45,0]
[1,TRANSFER,184986.8,39588.0,0.0,52340.0,97263.78,0]
[1,CASH_OUT,467177.03,28112.02,0.0,975121.0,22190.99,0]
test test
org.apache.spark.sql.Dataset
[1,0,181.0,181.0,0.0,0.0,0.0,1]
[1,0,215310.3,705.0,0.0,22425.0,0.0,0]
[1,0,311685.89,10835.0,0.0,6267.0,2719172.89,0]
[1,0,62610.8,79114.0,16503.2,517.0,8383.29,0]
[1,0,42712.39,10363.39,0.0,57901.66,24044.18,0]
[1,0,77957.68,0.0,0.0,94900.0,22233.65,0]
[1,0,17231.46,0.0,0.0,24672.0,0.0,0]
[1,0,78766.03,0.0,0.0,103772.0,277515.05,0]
[1,0,224606.64,0.0,0.0,354678.92,0.0,0]
[1,0,125872.53,0.0,0.0,348512.0,3420103.09,0]
[1,0,379856.23,0.0,0.0,900180.0,1.916920493E7,0]
[1,0,1505626.01,0.0,0.0,29031.0,5515763.34,0]
[1,0,554026.99,0.0,0.0,579285.56,0.0,0]
[1,0,147543.1,0.0,0.0,223220.0,16518.36,0]
[1,0,761507.39,0.0,0.0,1280036.23,1.916920493E7,0]
[1,0,1429051.47,0.0,0.0,2041543.62,1.916920493E7,0]
[1,0,358831.92,0.0,0.0,474384.53,3420103.09,0]
[1,0,367768.4,0.0,0.0,370763.1,16518.36,0]
[1,0,209711.11,0.0,0.0,399214.71,2415.16,0]
[1,0,583848.46,0.0,0.0,667778.0,2107778.11,0]
[1,0,1724887.05,0.0,0.0,3470595.1,1.916920493E7,0]
[1,0,710544.77,0.0,0.0,738531.5,16518.36,0]
[1,0,581294.26,0.0,0.0,5195482.15,1.916920493E7,0]
[1,0,11996.58,0.0,0.0,40255.0,0.0,0]
[1,0,330757.04,103657.0,0.0,79676.0,1254956.07,0]
[1,0,679502.24,290.0,0.0,171866.0,3940085.21,0]
[1,0,177652.91,23720.0,0.0,55.0,4894.45,0]
[1,0,184986.8,39588.0,0.0,52340.0,97263.78,0]
[1,0,480222.51,11110.0,0.0,1293740.67,3940085.21,0]
[1,0,2806.0,2806.0,0.0,0.0,0.0,1]
[1,0,157883.07,46547.0,0.0,72793.0,353532.56,0]
[1,0,123179.97,7215.0,0.0,12904.68,43691.09,0]
[1,0,522264.81,24.0,0.0,11361.0,2025098.66,0]
[1,0,26923.42,11049.67,0.0,199404.91,95508.95,0]
[1,0,53783.57,0.0,0.0,75514.0,420946.86,0]
[1,0,80333.28,0.0,0.0,321592.98,277515.05,0]
[1,0,211075.91,0.0,0.0,930082.81,1254956.07,0]
[1,0,100677.86,0.0,0.0,701567.56,55974.56,0]
[1,0,473499.51,0.0,0.0,883248.39,3461666.05,0]
[1,0,1538200.39,0.0,0.0,6977445.38,1.916920493E7,0]
[1,0,2421578.09,0.0,0.0,8515645.77,1.916920493E7,0]
[1,0,1349670.68,0.0,0.0,1538085.96,5515763.34,0]
[1,0,314403.14,0.0,0.0,888232.25,4619798.56,0]
[1,0,1457213.54,0.0,0.0,1.093722386E7,1.916920493E7,0]
[1,0,180368.84,0.0,0.0,1437353.34,16518.36,0]
[1,0,445038.71,0.0,0.0,802245.42,55974.56,0]
[1,0,1123206.66,0.0,0.0,1773963.18,3940085.21,0]
[1,0,176334.26,45136.0,0.0,1251626.46,2107778.11,0]
[1,0,161217.61,0.0,0.0,199733.0,5602234.95,0]
[1,0,108443.61,0.0,0.0,246974.3,0.0,0]
+----+----+----------+--------------+--------------+--------------+--------------+-------+--------------------+-------------------+
|step|type|    amount|oldBalanceOrig|newBalanceOrig|oldBalanceDest|newBalanceDest|isFraud|           origDelta|          destDelta|
+----+----+----------+--------------+--------------+--------------+--------------+-------+--------------------+-------------------+
|   1|   0|     181.0|         181.0|           0.0|           0.0|           0.0|      1|                 0.0|             -181.0|
|   1|   0|  215310.3|         705.0|           0.0|       22425.0|           0.0|      0|           -214605.3|          -192885.3|
|   1|   0| 311685.89|       10835.0|           0.0|        6267.0|    2719172.89|      0|          -300850.89|-3024591.7800000003|
|   1|   0|   62610.8|       79114.0|       16503.2|         517.0|       8383.29|      0|-3.63797880709171...|          -70477.09|
|   1|   0|  42712.39|      10363.39|           0.0|      57901.66|      24044.18|      0|            -32349.0| -8854.909999999996|
|   1|   0|  77957.68|           0.0|           0.0|       94900.0|      22233.65|      0|           -77957.68|-5291.3299999999945|
|   1|   0|  17231.46|           0.0|           0.0|       24672.0|           0.0|      0|           -17231.46|  7440.540000000001|
|   1|   0|  78766.03|           0.0|           0.0|      103772.0|     277515.05|      0|           -78766.03|         -252509.08|
|   1|   0| 224606.64|           0.0|           0.0|     354678.92|           0.0|      0|          -224606.64| 130072.27999999997|
|   1|   0| 125872.53|           0.0|           0.0|      348512.0|    3420103.09|      0|          -125872.53|-3197463.6199999996|
|   1|   0| 379856.23|           0.0|           0.0|      900180.0| 1.916920493E7|      0|          -379856.23|     -1.864888116E7|
|   1|   0|1505626.01|           0.0|           0.0|       29031.0|    5515763.34|      0|         -1505626.01|        -6992358.35|
|   1|   0| 554026.99|           0.0|           0.0|     579285.56|           0.0|      0|          -554026.99| 25258.570000000065|
|   1|   0|  147543.1|           0.0|           0.0|      223220.0|      16518.36|      0|           -147543.1|  59158.53999999999|
|   1|   0| 761507.39|           0.0|           0.0|    1280036.23| 1.916920493E7|      0|          -761507.39|     -1.865067609E7|
|   1|   0|1429051.47|           0.0|           0.0|    2041543.62| 1.916920493E7|      0|         -1429051.47|     -1.855671278E7|
|   1|   0| 358831.92|           0.0|           0.0|     474384.53|    3420103.09|      0|          -358831.92|        -3304550.48|
|   1|   0|  367768.4|           0.0|           0.0|      370763.1|      16518.36|      0|           -367768.4|-13523.660000000047|
|   1|   0| 209711.11|           0.0|           0.0|     399214.71|       2415.16|      0|          -209711.11| 187088.44000000003|
|   1|   0| 583848.46|           0.0|           0.0|      667778.0|    2107778.11|      0|          -583848.46|-2023848.5699999998|
+----+----+----------+--------------+--------------+--------------+--------------+-------+--------------------+-------------------+
only showing top 20 rows

[label: int, features: vector]
+----+----+--------+--------------+--------------+--------------+--------------+-------+--------------------+-------------------+--------------------+-----+
|step|type|  amount|oldBalanceOrig|newBalanceOrig|oldBalanceDest|newBalanceDest|isFraud|           origDelta|          destDelta|            features|label|
+----+----+--------+--------------+--------------+--------------+--------------+-------+--------------------+-------------------+--------------------+-----+
|   1|   0|   181.0|         181.0|           0.0|           0.0|           0.0|      1|                 0.0|             -181.0|(10,[0,2,3,7,9],[...|    1|
|   1|   0| 1361.29|       16479.0|      15117.71|        5058.0|           0.0|      0|                 0.0|            3696.71|[1.0,0.0,1361.29,...|    0|
|   1|   0| 2290.73|           0.0|           0.0|      79471.66|      42450.71|      0|            -2290.73|  34730.22000000001|[1.0,0.0,2290.73,...|    0|
|   1|   0|  2806.0|        2806.0|           0.0|           0.0|           0.0|      1|                 0.0|            -2806.0|(10,[0,2,3,7,9],[...|    1|
|   1|   0| 7206.33|       24932.0|      17725.67|       21308.0|      18161.79|      0|                 0.0| -4060.120000000001|[1.0,0.0,7206.33,...|    0|
|   1|   0| 9533.48|       13056.0|       3522.52|         888.0|           0.0|      0|4.547473508864641...|           -8645.48|[1.0,0.0,9533.48,...|    0|
|   1|   0|11136.72|           0.0|           0.0|      16180.11|      27316.83|      0|           -11136.72|-22273.440000000002|[1.0,0.0,11136.72...|    0|
|   1|   0|11996.58|           0.0|           0.0|       40255.0|           0.0|      0|           -11996.58|           28258.42|(10,[0,2,5,8,9],[...|    0|
|   1|   0| 15326.3|      105867.0|       90540.7|           0.0|       15326.3|      0|                 0.0|           -30652.6|[1.0,0.0,15326.3,...|    0|
|   1|   0|16626.81|           0.0|           0.0|    2073489.52|    2107778.11|      0|           -16626.81| -50915.39999999991|[1.0,0.0,16626.81...|    0|
|   1|   0|16631.14|           0.0|           0.0|      89102.55|    1015132.48|      0|           -16631.14|         -942661.07|[1.0,0.0,16631.14...|    0|
|   1|   0|17231.46|           0.0|           0.0|       24672.0|           0.0|      0|           -17231.46|  7440.540000000001|(10,[0,2,5,8,9],[...|    0|
|   1|   0|18561.23|           0.0|           0.0|     192136.35|      15375.37|      0|           -18561.23|          158199.75|[1.0,0.0,18561.23...|    0|
|   1|   0|21502.38|           0.0|           0.0|    2361788.82|    1412484.09|      0|           -21502.38|  927802.3499999999|[1.0,0.0,21502.38...|    0|
|   1|   0|22190.99|      52231.01|      30040.03|           0.0|      22190.99|      0|-0.00999999999839929|          -44381.98|[1.0,0.0,22190.99...|    0|
|   1|   0|25071.46|      25071.46|           0.0|           0.0|           0.0|      1|                 0.0|          -25071.46|(10,[0,2,3,7,9],[...|    1|
|   1|   0|26112.94|       29008.0|       2895.06|           0.0|       2608.64|      0|1.364242052659392...|-28721.579999999998|[1.0,0.0,26112.94...|    0|
|   1|   0|26923.42|      11049.67|           0.0|     199404.91|      95508.95|      0| -15873.749999999998|           76972.54|[1.0,0.0,26923.42...|    0|
|   1|   0|27008.84|     5292599.2|    5265590.36|      37097.33|      64106.18|      0|                 0.0|          -54017.69|[1.0,0.0,27008.84...|    0|
|   1|   0|32132.45|      62491.91|      30359.46|       59605.0|           0.0|      0|3.637978807091713...|           27472.55|[1.0,0.0,32132.45...|    0|
+----+----+--------+--------------+--------------+--------------+--------------+-------+--------------------+-------------------+--------------------+-----+
only showing top 20 rows

